8.74%
672 1000-1100-1000-54300-040 Copiers Repair/Maint 11,500.00 9,512.52 11,500.00 8,921.09 11,500.00 3,953.92 11,741.50 241.50 2.10%
673 1000-1100-1000-54330-040 Software 500.00 0.00 500.00 0.00 500.00 17.99 3,890.00 3,390.00 678.00%
674 1000-1100-1000-55800-040 Travel 300.00 1,222.86 300.00 1,730.88 1,420.00 88.56 570.00 -850.00 -59.86%
675 1000-1100-1000-56100-040 Instructional Supplies 35,951.00 35,386.09 37,668.00 27,099.97 34,168.00 9,191.85 35,065.80 897.80 2.63%
676 1000-1100-1000-56400-040 Books 6,775.00 9,481.60 6,775.00 9,628.51 8,436.00 3,598.94 6,097.32 -2,338.68 -27.72%
677 1000-1100-1000-57300-040 Equipment 12,831.00 10,099.97 12,766.00 12,170.20 11,960.00 4,411.93 6,385.24 -5,574.76 -46.61%
678 1000-1100-1000-58100-040 Dues and Fees 0.00 0.00 0.00 0.00 135.00 50.00 210.00 75.00 55.56%
Totals 1,554,410.00 1,642,451.97 1,583,296.00 1,650,954.60 1,726,348.00 1,640,733.46 1,813,784.75 87,436.75 5.06%
2019 2019 2020 2020 2021 2021 2022
Total Budget Total Activity Total Budget Total Activity Total Budget YTD Activity FY22 V1.2 $ Diff % Diff Notes
679 Cost Center: 050 - FREEPORT MIDDLE SCHOOL
680 1000-1100-1000-51010-050 Teacher Salaries 1,448,860.00 1,581,220.30 1,597,558.00 1,711,234.97 1,589,974.00 2,002,626.81 1,713,538.39 123,564.39 7.77%
681 1000-1100-1000-51020-050 Ed Tech Salaries 59,539.00 102,807.31 64,615.00 85,223.84 72,470.00 133,051.50 124,928.99 52,458.99 72.39%
682 1000-1100-1000-51230-050 Substitute Wages 35,000.00 37,527.00 35,000.00 18,906.98 40,000.00 21,701.42 80,000.00 40,000.00 100.00%
683 1000-1100-1000-51500-050 Stipends 3,750.00 3,330.56 3,863.00 2,565.00 24,437.00 0.00 24,437.00 0.00 0.00%
684 1000-1100-1000-52000-050 Stipend Benefits 188.00 429.35 193.00 7,926.52 354.00 0.00 354.00 0.00 0.00%
685 1000-1100-1000-52010-050 Teacher Benefits 486,345.00 418,577.65 399,250.00 407,266.52 429,297.00 91,827.79 503,369.78 74,072.78 17.25%
686 1000-1100-1000-52020-050 Ed Tech Benefits 51,571.00 34,092.88 36,932.00 27,830.97 39,728.00 3,362.74 8,352.50 -31,375.50 -78.98%
687 1000-1100-1000-52030-050 Substitute Benefits 1,750.00 2,098.35 1,750.00 1,106.35 780.00 165.12 1,384.00 604.00 77.44%
688 1000-1100-1000-52300-050 Retirement 149.00 54.69 161.00 107.53 1,017.00 0.00 1,017.00 0.00 0.00%
689 1000-1100-1000-52310-050 Retirement 57,520.00 65,259.57 66,458.00 89,119.68 66,143.00 15,547.53 72,948.22 6,805.22 10.29%
690 1000-1100-1000-52320-050 Retirement 2,364.00 4,081.34 2,688.00 3,611.55 3,152.00 777.24 3,442.87 290.87 9.23%
691 1000-1100-1000-52330-050 Retirement 1,390.00 656.21 1,456.00 409.58 1,664.00 517.69 3,328.00 1,664.00 100.00%
692 1000-1100-1000-53400-050 Purchased Professional 19,801.00 21,183.25 32,396.00 30,545.28 32,297.00 22,086.20 21,768.00 -10,529.00 -32.60%
693 1000-1100-1000-54300-050 Copiers Repair/Maint 15,600.00 28,917.75 15,600.00 24,214.25 17,000.00 8,839.48 17,357.00 357.00 2.10%
694 1000-1100-1000-54330-050 Software 6,153.00 6,153.00 6,153.00 4,457.43 6,153.00 4,496.97 5,908.00 -245.00 -3.98%
695 1000-1100-1000-55800-050 Travel 150.00 3,060.92 1,500.00 2,121.11 3,290.00 236.61 3,000.00 -290.00 -8.81%
696 1000-1100-1000-56000-050 Supplies 0.00 0.00 0.00 0.00 0.00 0.00 43,477.00 43,477.00 100.00%
697 1000-1100-1000-56100-050 Instructional Supplies 45,470.00 40,457.76 45,479.00 36,679.93 45,651.00 17,926.46 45,651.00 0.00 0.00%
698 1000-1100-1000-56400-050 Books 10,431.00 10,298.36 10,550.00 7,414.25 10,162.00 6,737.29 9,900.00 -262.00 -2.58%
699 1000-1100-1000-57300-050 Equipment 20,272.00 19,297.87 22,792.00 19,869.71 26,963.00 11,699.37 24,461.00 -2,502.00 -9.28%
Page 13 of 24

Version 1.2
1-27-21
700 1000-1100-1000-58100-050 Dues & Fees 3,013.00 2,426.99 3,013.00 2,419.00 3,123.00 45.00 2,823.00 -300.00 -9.61%
Totals 2,269,316.00 2,381,931.11 2,347,407.00 2,483,030.45 2,413,655.00 2,341,645.22 2,711,445.75 297,790.75 12.34%
701 Cost Center: 900 - SYSTEM WIDE
702 1000-1100-1000-59000-900 Contingency 175,000.00 0.00 175,000.00 0.00 0.00 0.00 177,039.00 177,039.00 100.00% 8
Totals 175,000.00 0.00 175,000.00 0.00 0.00 0.00 177,039.00 177,039.00 100.00%
703 Cost Center: 950 - K-8
704 1000-1100-1000-59000-950 CONTINGENCY 0.00 0.00 0.00 0.00 159,039.00 0.00 0.00 -159,039.00 -100.00% 8
Totals 0.00 0.00 0.00 0.00 159,039.00 0.00 0.00 -159,039.00 -100.00%
705 Program: 1120 - K-2 PROGRAM
706 Function: 1000 - REGULAR INSTRUCTION
707 Cost Center: 010 - DURHAM COMMUNITY
708 1000-1120-1000-51010-010 Teacher Salaries 238,190.00 166,966.20 263,754.00 395,275.58 306,372.00 420,159.19 282,588.50 -23,783.50 -7.76% 10
709 1000-1120-1000-51020-010 Ed Tech Salaries 20,273.00 23,520.15 23,919.00 58,508.41 35,776.00 52,025.91 35,873.73 97.73 0.27%
710 1000-1120-1000-52010-010 Teacher Benefits 81,269.00 65,025.04 63,149.00 125,817.07 93,909.00 21,852.96 81,043.45 -12,865.55 -13.70%
711 1000-1120-1000-52020-010 Ed Tech Benefits 11,101.00 3,421.33 4,941.00 20,333.60 27,511.00 11,887.79 12,808.87 -14,702.13 -53.44%
712 1000-1120-1000-52310-010 Retirement 9,456.00 6,844.32 10,972.00 11,597.56 12,745.00 2,943.45 12,119.26 -625.74 -4.91%
713 1000-1120-1000-52320-010 Retirement 805.00 933.74 995.00 2,401.94 1,556.00 610.35 1,492.35 -63.65 -4.09%
Totals 361,094.00 266,710.78 367,730.00 613,934.16 477,869.00 509,479.65 425,926.16 -51,942.84 -10.87%
714 Cost Center: 020 - MORSE STREET
715 1000-1120-1000-51010-020 Salaries 435,671.00 270,862.43 484,524.00 222,915.84 468,581.00 665,626.43 459,833.34 -8,747.66 -1.87% 10
716 1000-1120-1000-51020-020 Ed Tech Salaries 38,109.00 25,519.21 46,558.00 27,167.58 74,171.00 42,118.66 100,491.17 26,320.17 35.49%
717 1000-1120-1000-52010-020 Benefits 125,090.00 49,236.40 117,712.00 41,324.57 97,364.00 16,572.54 65,513.54 -31,850.46 -32.71%
718 1000-1120-1000-52020-020 Ed Tech Benefit 18,329.00 11,181.36 17,637.00 12,095.53 28,838.00 1,833.03 4,822.38 -24,015.62 -83.28%
719 1000-1120-1000-52310-020 Retirement 17,296.00 10,298.04 20,303.00 9,459.58 19,493.00 4,268.16 19,129.07 -363.93 -1.87%
720 1000-1120-1000-52320-020 Retirement 1,513.00 0.00 1,937.00 0.00 3,209.00 0.00 2,303.31 -905.69 -28.22%
Totals 636,008.00 367,097.44 688,671.00 312,963.10 691,656.00 730,418.82 652,092.81 -39,563.19 -5.72%
721 Cost Center: 030 - POWNAL ELEMENTARY
722 1000-1120-1000-51010-030 Teacher Salaries 78,148.00 52,571.00 74,821.00 55,451.50 93,404.00 79,840.96 60,682.35 -32,721.65 -35.03% 10
723 1000-1120-1000-51020-030 Ed Tech Salaries 19,991.00 0.00 12,531.00 0.00 10,555.00 0.00 14,243.52 3,688.52 34.95%
724 1000-1120-1000-52010-030 Teacher Benefits 30,163.00 20,442.94 25,207.00 20,993.07 24,223.00 4,811.36 23,147.82 -1,075.18 -4.44%
725 1000-1120-1000-52020-030 Ed Tech Benefits 7,433.00 0.00 755.00 0.00 1,095.00 0.00 286.08 -808.92 -73.87%
726 1000-1120-1000-52310-030 Retirement 3,102.00 1,217.18 3,113.00 2,306.72 3,886.00 562.56 2,602.46 -1,283.54 -33.03%
727 1000-1120-1000-52320-030 Retirement 794.00 0.00 521.00 0.00 457.00 0.00 592.53 135.53 29.66%
Totals 139,631.00 74,231.12 116,948.00 78,751.29 133,620.00 85,214.88 101,554.76 -32,065.24 -24.00%
2019 2019 2020 2020 2021 2021 2022
Total Budget Total Activity Total Budget Total Activity Total Budget YTD Activity FY22 V1.2 $ Diff % Diff Notes
728 Program: 1200 - SECONDARY PROGRAM
729 Function: 1000 - REGULAR INSTRUCTION
730 Cost Center: 300 - FREEPORT HIGH SCHOOL
731 1000-1200-1000-51010-300 Teacher Salaries 2,250,783.00 2,399,543.80 2,564,673.00 2,690,866.22 2,887,277.00 3,422,661.30 2,971,169.45 83,892.45 2.91%
732 1000-1200-1000-51020-300 Ed Tech Salaries 68,198.00 117,511.55 127,025.00 171,639.32 107,193.00 179,882.11 127,985.42 20,792.42 19.40%
733 1000-1200-1000-51230-300 Substitute Wages 30,000.00 63,085.80 40,000.00 58,933.18 60,000.00 16,471.77 120,000.00 60,000.00 100.00%
734 1000-1200-1000-51500-300 Stipends 14,195.00 375.00 14,621.00 5,708.00 7,200.00 1,772.72 7,200.00 0.00 0.00%
735 1000-1200-1000-52000-300 Stipend Benefits 710.00 92.03 731.00 85.45 420.00 0.00 420.00 0.00 0.00%
736 1000-1200-1000-52010-300 Teacher Benefits 727,988.00 594,086.09 631,215.00 616,867.38 693,164.00 162,288.95 710,563.85 17,399.85 2.51%
737 1000-1200-1000-52020-300 Ed Tech Benefits 33,204.00 50,268.50 77,480.00 57,825.68 67,381.00 28,323.98 38,427.55 -28,953.45 -42.97%
738 1000-1200-1000-52030-300 Substitute Benefits 1,500.00 4,520.74 2,000.00 2,450.48 3,498.00 155.12 4,392.00 894.00 25.56%
739 1000-1200-1000-52300-300 Retirement 564.00 18.72 608.00 12.49 300.00 0.00 300.00 0.00 0.00%
740 1000-1200-1000-52310-300 Retirement 89,356.00 100,499.70 107,106.00 114,086.67 120,111.00 27,685.15 127,423.32 7,312.32 6.09%
741 1000-1200-1000-52320-300 Retirement 2,707.00 2,435.62 3,086.00 6,396.76 4,662.00 1,116.32 4,970.27 308.27 6.61%
742 1000-1200-1000-52330-300 Retirement 1,191.00 839.03 1,664.00 1,372.75 2,496.00 35.57 4,992.00 2,496.00 100.00%
743 1000-1200-1000-53000-300 School Resource Officer 30,000.00 30,815.20 30,900.00 32,104.80 31,830.00 0.00 31,830.00 0.00 0.00%
744 1000-1200-1000-53400-300 Purchased Professional Services 70,237.00 51,047.25 51,574.00 21,743.85 43,364.00 10,483.44 47,903.00 4,539.00 10.47%
745 1000-1200-1000-54300-300 Copier Repair/Maint 40,000.00 41,246.02 40,000.00 42,666.75 42,000.00 24,325.14 42,882.00 882.00 2.10%
746 1000-1200-1000-55610-300 Secondary Tuition Paid To Other SAU 15,000.00 0.00 15,000.00 0.00 0.00 0.00 0.00 0.00 0.00%
747 1000-1200-1000-55611-300 16/20 SERVICES 0.00 0.00 0.00 0.00 0.00 0.00 6,015.85 6,015.85 100.00%
748 1000-1200-1000-55630-300 Secondary Tuition Paid To Private School 0.00 15,000.00 0.00 15,000.00 18,000.00 8,000.00 0.00 -18,000.00 -100.00%
749 1000-1200-1000-55800-300 Travel 750.00 1,057.96 2,000.00 469.68 1,490.00 0.00 1,490.00 0.00 0.00%
750 1000-1200-1000-56000-300 Supplies High School 0.00 -750.00 0.00 0.00 0.00 0.00 0.00 0.00 0.00%
751 1000-1200-1000-56100-300 Instructional Supplies High School 49,361.00 49,648.11 52,198.00 40,211.58 49,306.00 26,505.45 44,903.00 -4,403.00 -8.93%
752 1000-1200-1000-56400-300 Books High School 10,855.00 10,950.48 11,002.00 6,753.91 21,105.00 6,465.02 19,341.00 -1,764.00 -8.36%
753 1000-1200-1000-57300-300 Equipment High School 61,794.00 52,213.85 34,808.00 18,914.96 12,988.00 12,978.76 17,956.00 4,968.00 38.25%
Page 14 of 24

Version 1.2
1-27-21
Totals 3,498,393.00 3,584,505.45 3,807,691.00 3,904,109.91 4,173,785.00 3,929,150.80 4,330,164.71 156,379.71 3.75%
754 Program: 2100 - SPED REGULAR CLASSROOM
755 Function: 1000 - REGULAR INSTRUCTION
756 Cost Center: 300 - FREEPORT HIGH SCHOOL
757 1000-2100-1000-51210-300 Tutor Salaries/ESY 5,000.00 5,940.00 5,000.00 717.60 5,000.00 0.00 5,000.00 0.00 0.00%
758 1000-2100-1000-52010-300 Benefits 0.00 300.05 0.00 60.08 0.00 0.00 0.00 0.00 0.00%
759 1000-2100-1000-52030-300 Tutor Benefits 250.00 0.00 250.00 0.00 250.00 0.00 250.00 0.00 0.00%
760 1000-2100-1000-52310-300 Retirement 199.00 157.22 199.00 0.00 0.00 0.00 0.00 0.00 0.00%
761 1000-2100-1000-52330-300 Retirement 0.00 0.00 0.00 0.00 199.00 0.00 199.00 0.00 0.00%
762 1000-2100-1000-53440-300 Purchased Professional 500.00 0.00 500.00 0.00 650.00 344.00 650.00 0.00 0.00%
Totals 5,949.00 6,397.27 5,949.00 777.68 6,099.00 344.00 6,099.00 0.00 0.00%
763 Cost Center: 950 - K-8
764 1000-2100-1000-51210-950 Tutor Salaries/ESY 18,000.00 31,176.69 18,000.00 7,185.00 15,000.00 6,359.06 10,000.00 -5,000.00 -33.33%
765 1000-2100-1000-52010-950 Benefit 0.00 1,074.81 0.00 189.88 0.00 1,127.30 0.00 0.00 0.00%
766 1000-2100-1000-52030-950 Benefits 900.00 0.00 900.00 0.00 900.00 0.00 900.00 0.00 0.00%
767 1000-2100-1000-52310-950 Retirement 715.00 887.84 715.00 376.26 0.00 168.76 0.00 0.00 0.00%
768 1000-2100-1000-52330-950 Retirement 0.00 0.00 0.00 0.00 715.00 0.00 715.00 0.00 0.00%
769 1000-2100-1000-53440-950 Purchased Professional 500.00 1,300.00 500.00 863.62 3,650.00 795.50 650.00 -3,000.00 -82.19%
Totals 20,115.00 34,439.34 20,115.00 8,614.76 20,265.00 8,450.62 12,265.00 -8,000.00 -39.48%
770 Program: 2200 - SPED RESOURCE CLASSROOM
771 Function: 1000 - REGULAR INSTRUCTION
772 Cost Center: 010 - DURHAM COMMUNITY
773 1000-2200-1000-51010-010 Teacher Salaries 176,030.00 152,481.18 178,655.00 141,049.22 201,979.00 234,116.45 248,107.30 46,128.30 22.84% 10
774 1000-2200-1000-51020-010 Ed Tech Salaries 73,742.00 61,754.72 71,007.00 71,661.69 139,997.00 136,141.66 191,123.39 51,126.39 36.52%
775 1000-2200-1000-52010-010 Teacher Benefits 63,477.00 41,148.71 52,531.00 36,075.21 47,550.00 13,175.93 75,024.36 27,474.36 57.78%
776 1000-2200-1000-52020-010 Ed Tech Benefits 29,153.00 22,141.94 25,356.00 28,738.77 44,488.00 6,698.43 2,775.59 -41,712.41 -93.76%
777 1000-2200-1000-52310-010 Retirement 6,988.00 6,174.61 7,432.00 6,020.37 8,402.00 1,809.42 10,640.48 2,238.48 26.64%
778 1000-2200-1000-52320-010 Retirement 2,928.00 2,433.60 2,954.00 3,068.60 6,057.00 993.22 6,535.04 478.04 7.89%
Totals 352,318.00 286,134.76 337,935.00 286,613.86 448,473.00 392,935.11 534,206.16 85,733.16 19.12%
2019 2019 2020 2020 2021 2021 2022
Total Budget Total Activity Total Budget Total Activity Total Budget YTD Activity FY22 V1.2 $ Diff % Diff Notes
779 Cost Center: 020 - MORSE STREET
780 1000-2200-1000-51010-020 Teacher Salaries 63,298.00 203,278.45 68,132.00 258,883.42 69,630.00 223,259.26 126,565.83 56,935.83 81.77% 10
781 1000-2200-1000-51020-020 Ed Tech Salaries 52,499.00 80,372.28 53,489.00 90,148.66 0.00 103,429.81 51,759.44 51,759.44 100.00%
782 1000-2200-1000-51230-020 Sub Wages 0.00 3,432.50 0.00 596.48 0.00 3,614.79 0.00 0.00 0.00%
783 1000-2200-1000-52010-020 Teacher Benefits 8,817.00 35,612.39 4,965.00 46,586.46 5,578.00 5,522.25 15,657.18 10,079.18 180.70%
784 1000-2200-1000-52020-020 Ed Tech Benefits 5,650.00 23,608.34 20,801.00 18,762.07 0.00 3,945.74 8,885.58 8,885.58 100.00%
785 1000-2200-1000-52030-020 Substitute Benefits 0.00 207.17 0.00 18.09 0.00 0.00 0.00 0.00 0.00%
786 1000-2200-1000-52310-020 Retirement 2,513.00 8,180.68 2,834.00 10,815.45 2,897.00 1,729.01 5,427.98 2,530.98 87.37%
787 1000-2200-1000-52320-020 Retirement 805.00 3,190.84 2,225.00 3,669.93 0.00 808.46 2,127.66 2,127.66 100.00%
788 1000-2200-1000-52330-020 Retirement 0.00 52.30 0.00 12.37 0.00 0.00 0.00 0.00 0.00%
Totals 133,582.00 357,934.95 152,446.00 429,492.93 78,105.00 342,309.32 210,423.67 132,318.67 169.41%
789 Cost Center: 030 - POWNAL ELEMENTARY
790 1000-2200-1000-51010-030 Teacher Salaries 35,990.00 49,137.36 40,612.00 92,909.86 34,562.00 53,384.59 37,121.30 2,559.30 7.40%
791 1000-2200-1000-51020-030 Ed Tech Salaries 20,273.00 21,829.80 47,838.00 21,644.17 23,919.00 27,212.09 27,727.06 3,808.06 15.92%
792 1000-2200-1000-51210-030 Tutor Wages 0.00 0.00 0.00 0.00 0.00 2,381.85 0.00 0.00 0.00%
793 1000-2200-1000-52010-030 Teacher Benefits 10,054.00 19,107.06 9,662.00 28,672.35 7,834.00 4,326.82 84,316.76 76,482.76 976.29%
794 1000-2200-1000-52020-030 Ed Tech Benefits 5,650.00 636.78 15,171.00 634.97 5,982.00 40.20 534.18 -5,447.82 -91.07%
795 1000-2200-1000-52310-030 Retirement 1,429.00 2,013.39 1,689.00 3,849.24 1,438.00 784.70 3,692.73 2,254.73 156.80%
796 1000-2200-1000-52320-030 Retirement 2,084.00 866.64 2,225.00 937.64 1,035.00 290.49 1,153.45 118.45 11.44%
Totals 75,480.00 93,591.03 117,197.00 148,648.23 74,770.00 88,420.74 154,545.48 79,775.48 106.69%
797 Cost Center: 040 - MAST LANDING
798 1000-2200-1000-51010-040 Teacher Salaries 122,085.00 136,310.32 141,244.00 142,126.20 145,565.00 182,166.79 147,721.33 2,156.33 1.48%
799 1000-2200-1000-51020-040 Ed Tech Salaries 71,318.00 73,312.52 96,597.00 1,415.13 26,744.00 2,307.08 63,793.60 37,049.60 138.53%
800 1000-2200-1000-52010-040 Teacher Benefits 39,128.00 39,603.03 43,203.00 42,787.67 43,505.00 9,128.93 47,609.31 4,104.31 9.43%
801 1000-2200-1000-52020-040 Ed Tech Benefits 38,683.00 21,115.00 15,171.00 676.38 13,744.00 0.00 13,986.49 242.49 1.76%
802 1000-2200-1000-52310-040 Retirement 4,847.00 5,496.53 5,876.00 5,959.96 6,056.00 1,374.54 6,335.26 279.26 4.61%
803 1000-2200-1000-52320-040 Retirement 2,831.00 2,910.57 1,990.00 0.00 1,157.00 0.00 958.38 -198.62 -17.17%
Totals 278,892.00 278,747.97 304,081.00 192,965.34 236,771.00 194,977.34 280,404.37 43,633.37 18.43%
804 Cost Center: 050 - FREEPORT MIDDLE SCHOOL
805 1000-2200-1000-51010-050 Teacher Salaries 134,780.00 117,967.26 116,254.00 116,253.54 121,286.00 155,245.19 123,449.41 2,163.41 1.78%
806 1000-2200-1000-51020-050 Ed Tech Salaries 49,348.00 27,022.12 95,356.00 25,023.34 70,638.00 66,115.73 88,755.36 18,117.36 25.65%
Page 15 of 24

Version 1.2
1-27-21
807 1000-2200-1000-52010-050 Teacher Benefits 48,786.00 29,345.25 29,372.00 29,208.25 29,648.00 6,445.07 33,106.52 3,458.52 11.67%
808 1000-2200-1000-52020-050 Ed Tech Benefits 23,089.00 8,526.90 39,806.00 9,248.39 47,269.00 1,261.15 1,572.84 -45,696.16 -96.67%
809 1000-2200-1000-52310-050 Retirement 5,351.00 4,422.93 4,836.00 4,881.57 5,046.00 1,170.29 5,294.32 248.32 4.92%
810 1000-2200-1000-52320-050 Retirement 1,959.00 959.79 3,967.00 1,180.04 3,056.00 407.86 3,312.77 256.77 8.40%
Totals 263,313.00 188,244.25 289,591.00 185,795.13 276,943.00 230,645.29 255,491.22 -21,451.78 -7.75%
811 Cost Center: 300 - FREEPORT HIGH SCHOOL
812 1000-2200-1000-51010-300 Teacher Salaries 178,742.00 183,109.38 198,732.00 196,491.10 206,340.00 237,930.71 203,619.39 -2,720.61 -1.32%
813 1000-2200-1000-51020-300 Ed Tech Salaries 47,018.00 46,888.38 0.00 32,482.17 22,014.00 33,372.76 0.00 -22,014.00 -100.00%
814 1000-2200-1000-52010-300 Teacher Benefits 73,266.00 63,946.44 62,523.00 62,485.39 64,987.00 12,192.55 90,412.52 25,425.52 39.12%
815 1000-2200-1000-52020-300 Ed Tech Benefits 42,403.00 21,279.91 0.00 1,152.98 13,261.00 1,248.34 0.00 -13,261.00 -100.00%
816 1000-2200-1000-52310-300 Retirement 7,096.00 7,214.92 8,267.00 8,256.05 8,615.00 1,819.69 9,784.31 1,169.31 13.57%
817 1000-2200-1000-52320-300 Retirement 1,867.00 1,861.50 0.00 1,081.12 957.00 331.76 957.00 0.00 0.00%
Totals 350,392.00 324,300.53 269,522.00 301,948.81 316,174.00 286,895.81 304,773.22 -11,400.78 -3.61%
818 Program: 2300 - SPED SELF-CONTAINED CLASSROOM
819 Function: 1000 - REGULAR INSTRUCTION
820 Cost Center: 010 - DURHAM COMMUNITY
821 1000-2300-1000-51010-010 Teacher Salaries 46,438.00 48,527.76 50,179.00 51,548.12 48,002.00 70,718.52 0.00 -48,002.00 -100.00% 10
822 1000-2300-1000-51020-010 Ed Tech Salaries 166,346.00 103,881.46 145,543.00 92,140.17 101,448.00 98,248.17 150,892.99 49,444.99 48.74%
823 1000-2300-1000-52010-010 Teacher Benefits 7,401.00 14,751.04 4,579.00 14,686.80 20,961.00 3,243.18 0.00 -20,961.00 -100.00%
824 1000-2300-1000-52020-010 Ed Tech Benefits 78,907.00 25,998.43 56,702.00 26,830.71 40,143.00 25,657.21 27,805.40 -12,337.60 -30.73%
825 1000-2300-1000-52310-010 Retirement 1,844.00 1,940.76 2,087.00 2,195.84 1,997.00 522.24 1,997.00 0.00 0.00%
826 1000-2300-1000-52320-010 Retirement 6,604.00 4,124.09 6,055.00 3,863.93 4,389.00 1,046.88 4,796.23 407.23 9.28%
Totals 307,540.00 199,223.54 265,145.00 191,265.57 216,940.00 199,436.20 185,491.62 -31,448.38 -14.50%
2019 2019 2020 2020 2021 2021 2022
Total Budget Total Activity Total Budget Total Activity Total Budget YTD Activity FY22 V1.2 $ Diff % Diff Notes
827 Cost Center: 020 - MORSE STREET
828 1000-2300-1000-51010-020 Teacher Salaries 63,998.00 121,457.72 128,395.00 57,792.80 114,206.00 82,541.13 65,042.48 -49,163.52 -43.05% 10
829 1000-2300-1000-51020-020 Ed Tech Salaries 76,799.00 71,713.76 62,219.00 52,849.45 107,951.00 60,011.49 76,511.40 -31,439.60 -29.12%
830 1000-2300-1000-52010-020 Teacher Benefits 9,355.00 26,440.54 26,823.00 21,736.38 26,696.00 4,737.23 21,316.61 -5,379.39 -20.15%
831 1000-2300-1000-52020-020 Ed Tech Benefits 29,461.00 25,330.20 21,327.00 26,654.85 36,967.00 4,165.22 1,157.51 -35,809.49 -96.87%
832 1000-2300-1000-52310-020 Retirement 2,541.00 4,867.52 5,341.00 2,404.20 4,751.00 585.66 2,705.77 -2,045.23 -43.05%
833 1000-2300-1000-52320-020 Retirement 3,049.00 2,846.93 2,588.00 2,198.50 4,670.00 561.14 2,327.06 -2,342.94 -50.17%
Totals 185,203.00 252,656.67 246,693.00 163,636.18 295,241.00 152,601.87 169,060.83 -126,180.17 -42.74%
834 Cost Center: 030 - POWNAL ELEMENTARY
835 1000-2300-1000-51010-030 Teacher Salaries 50,792.00 0.00 0.00 0.00 0.00 0.00 0.00 0.00 0.00%
836 1000-2300-1000-51020-030 Ed Tech Salaries 72,724.00 35,465.60 23,919.00 23,995.25 23,919.00 219.78 0.00 -23,919.00 -100.00%
837 1000-2300-1000-52010-030 Teacher Benefits 24,350.00 0.00 0.00 0.00 0.00 0.00 0.00 0.00 0.00%
838 1000-2300-1000-52020-030 Ed Tech Benefits 34,886.00 13,401.61 15,891.00 9,066.46 16,964.00 4.49 0.00 -16,964.00 -100.00%
839 1000-2300-1000-52310-030 Retirement 2,016.00 0.00 0.00 0.00 0.00 0.00 0.00 0.00 0.00%
840 1000-2300-1000-52320-030 Retirement 2,887.00 428.57 995.00 998.23 1,035.00 9.15 1,035.00 0.00 0.00%
Totals 187,655.00 49,295.78 40,805.00 34,059.94 41,918.00 233.42 1,035.00 -40,883.00 -97.53%
841 Cost Center: 040 - MAST LANDING
842 1000-2300-1000-51010-040 Teacher Salaries 0.00 0.00 53,108.00 0.00 54,401.00 0.00 61,499.69 7,098.69 13.05%
843 1000-2300-1000-51020-040 Ed Tech Salaries 38,682.00 0.00 22,015.00 0.00 115,872.00 0.00 31,545.79 -84,326.21 -72.78%
844 1000-2300-1000-52010-040 Teacher Benefits 0.00 0.00 21,225.00 0.00 5,235.00 0.00 1,152.50 -4,082.50 -77.98%
845 1000-2300-1000-52020-040 Ed Tech Benefits 15,674.00 0.00 21,181.00 0.00 51,285.00 0.00 481.08 -50,803.92 -99.06%
846 1000-2300-1000-52310-040 Retirement 0.00 0.00 2,209.00 0.00 2,263.00 0.00 2,558.39 295.39 13.05%
847 1000-2300-1000-52320-040 Retirement 1,536.00 0.00 916.00 0.00 5,013.00 0.00 5,971.38 958.38 19.12%
Totals 55,892.00 0.00 120,654.00 0.00 234,069.00 0.00 103,208.83 -130,860.17 -55.91%
848 Cost Center: 050 - FREEPORT MIDDLE SCHOOL
849 1000-2300-1000-51010-050 Teacher Salaries 104,850.00 116,582.89 117,149.00 79,991.06 131,119.00 218,612.17 135,585.87 4,466.87 3.41%
850 1000-2300-1000-51020-050 Ed Tech Salaries 178,764.00 159,387.62 146,535.00 140,092.62 115,831.00 181,359.65 137,260.73 21,429.73 18.50%
851 1000-2300-1000-52010-050 Teacher Benefits 37,680.00 41,746.97 40,686.00 22,186.05 41,181.00 4,767.35 85,290.64 44,109.64 107.11%
852 1000-2300-1000-52020-050 Ed Tech Benefits 95,296.00 53,397.05 58,551.00 50,226.77 57,360.00 4,996.33 2,090.14 -55,269.86 -96.36%
853 1000-2300-1000-52310-050 Retirement 4,163.00 5,034.04 4,873.00 2,845.34 5,455.00 668.94 6,889.05 1,434.05 26.29%
854 1000-2300-1000-52320-050 Retirement 7,097.00 5,400.28 6,096.00 6,195.22 5,011.00 1,724.71 4,185.34 -825.66 -16.48%
Totals 427,850.00 381,548.85 373,890.00 301,537.06 355,957.00 412,129.15 371,301.77 15,344.77 4.31%
855 Cost Center: 300 - FREEPORT HIGH SCHOOL
856 1000-2300-1000-51010-300 Teacher Salaries 188,364.00 128,601.67 134,097.00 146,903.83 130,401.00 186,541.09 110,308.02 -20,092.98 -15.41%
857 1000-2300-1000-51020-300 Ed Tech Salaries 94,897.00 90,286.14 149,877.00 86,298.52 115,221.00 123,444.94 170,409.95 55,188.95 47.90%
858 1000-2300-1000-52010-300 Teacher Benefits 69,152.00 36,520.51 37,269.00 40,204.38 41,165.00 8,246.26 58,652.75 17,487.75 42.48%
859 1000-2300-1000-52020-300 Ed Tech Benefits 34,892.00 17,502.61 70,151.00 31,349.90 57,298.00 6,868.63 2,681.40 -54,616.60 -95.32%
Page 16 of 24

Version 1.2
1-27-21
860 1000-2300-1000-52310-300 Retirement 7,478.00 5,206.21 5,578.00 5,920.35 5,425.00 1,400.46 4,271.22 -1,153.78 -21.27%
861 1000-2300-1000-52320-300 Retirement 3,767.00 2,623.56 6,235.00 3,224.42 4,985.00 928.19 5,441.89 456.89 9.17%
Totals 398,550.00 280,740.70 403,207.00 313,901.40 354,495.00 327,429.57 351,765.23 -2,729.77 -0.77%
862 Cost Center: 990 - 9-12
863 1000-2300-1000-55630-990 Secondary Private Tuition 0.00 0.00 0.00 0.00 18,000.00 0.00 0.00 -18,000.00 -100.00%
Totals 0.00 0.00 0.00 0.00 18,000.00 0.00 0.00 -18,000.00 -100.00%
2019 2019 2020 2020 2021 2021 2022
Total Budget Total Activity Total Budget Total Activity Total Budget YTD Activity FY22 V1.2 $ Diff % Diff Notes
864 Program: 2500 - SPED ADMINISTRATION
865 Function: 2330 - SPED ADMINISTRATION
866 Cost Center: 900 - SYSTEM WIDE
867 1000-2500-2330-51010-900 Instructional Strategist Salaries 185,119.00 138,087.22 216,202.00 125,550.70 234,338.00 153,294.58 237,322.10 2,984.10 1.27%
868 1000-2500-2330-51040-900 Admin Salaries 123,971.00 126,449.96 128,979.00 128,978.98 131,559.00 145,952.56 139,005.77 7,446.77 5.66%
869 1000-2500-2330-51180-900 Support Wages 42,440.00 44,615.66 45,244.00 47,660.85 46,176.00 57,263.32 55,324.34 9,148.34 19.81%
870 1000-2500-2330-51230-900 Substitutes 6,000.00 0.00 15,000.00 0.00 15,000.00 16,192.81 15,000.00 0.00 0.00%
871 1000-2500-2330-52010-900 Instructional Strategist Benefits 42,634.00 10,051.08 29,732.00 11,664.91 45,005.00 3,563.67 31,827.37 -13,177.63 -29.28%
872 1000-2500-2330-52030-900 Sub Benefits 300.00 0.00 750.00 0.00 750.00 73.92 750.00 0.00 0.00%
873 1000-2500-2330-52040-900 Admin Benefits 17,559.00 4,027.02 9,373.00 6,324.46 9,560.00 2,726.34 3,081.70 -6,478.30 -67.76%
874 1000-2500-2330-52080-900 Support Benefits 15,400.00 14,632.22 14,862.00 17,785.41 20,387.00 21,699.20 24,343.35 3,956.35 19.41%
875 1000-2500-2330-52310-900 Retirement 7,349.00 5,587.42 8,994.00 5,213.00 9,748.00 1,243.02 9,872.59 124.59 1.28%
876 1000-2500-2330-52330-900 Retirement 238.00 0.00 624.00 0.00 624.00 512.59 624.00 0.00 0.00%
877 1000-2500-2330-52340-900 Retirement 5,020.00 5,020.08 5,366.00 5,365.62 5,473.00 2,096.80 5,782.64 309.64 5.66%
878 1000-2500-2330-53400-900 Contracted Services 16,000.00 2,731.95 15,000.00 60.00 65,000.00 0.00 65,000.00 0.00 0.00%
879 1000-2500-2330-53440-900 Purchased Professional 40,000.00 18,202.51 65,000.00 8,636.84 15,000.00 1,145.75 15,000.00 0.00 0.00%
880 1000-2500-2330-55310-900 Postage 0.00 0.00 0.00 95.78 100.00 108.51 0.00 -100.00 -100.00%
881 1000-2500-2330-55800-900 Travel 5,000.00 7,150.34 6,000.00 1,086.60 7,090.00 672.89 7,090.00 0.00 0.00%
882 1000-2500-2330-56000-900 Supplies 0.00 0.00 0.00 4,277.11 1,200.00 76.13 1,300.00 100.00 8.33%
883 1000-2500-2330-56100-900 Supplies 1,300.00 0.00 1,300.00 0.00 0.00 0.00 0.00 0.00 0.00%
884 1000-2500-2330-58100-900 Dues & Fees 0.00 3,817.73 0.00 1,403.76 0.00 210.82 0.00 0.00 0.00%
885 1000-2500-2330-59000-900 Contingency 39,000.00 0.00 39,000.00 0.00 22,000.00 0.00 40,000.00 18,000.00 81.82%
Totals 547,330.00 380,373.19 601,426.00 364,104.02 629,010.00 406,832.91 651,323.86 22,313.86 3.55%
886 Cost Center: 950 - K-8
887 1000-2500-2330-53440-950 MAINECARE SEED 0.00 40,767.83 0.00 21,629.26 0.00 0.00 30,000.00 30,000.00 100.00% 11
Totals 0.00 40,767.83 0.00 21,629.26 0.00 0.00 30,000.00 30,000.00 100.00%
888 Cost Center: 990 - 9-12
889 1000-2500-2330-53440-990 MAINE CARE SEED 0.00 3,700.18 0.00 1,880.81 0.00 0.00 2,400.00 2,400.00 100.00% 11
Totals 0.00 3,700.18 0.00 1,880.81 0.00 0.00 2,400.00 2,400.00 100.00%
890 Program: 2800 - SPED OTHER PROGRAMS
891 Function: 2110 - SPED SOCIAL WORK
892 Cost Center: 010 - DURHAM COMMUNITY
893 1000-2800-2110-51010-010 Teacher Salaries 53,149.00 56,742.85 60,723.00 60,722.74 64,001.00 78,178.69 68,150.34 4,149.34 6.48%
894 1000-2800-2110-52010-010 Teacher Benefits 13,254.00 10,030.38 10,094.00 10,009.94 10,261.00 2,157.13 10,079.49 -181.51 -1.77%
895 1000-2800-2110-52310-010 Retirement 2,110.00 2,264.73 2,526.00 2,526.16 2,662.00 614.40 2,835.05 173.05 6.50%
Totals 68,513.00 69,037.96 73,343.00 73,258.84 76,924.00 80,950.22 81,064.88 4,140.88 5.38%
896 Cost Center: 020 - MORSE STREET
897 1000-2800-2110-51010-020 Teacher Salaries 19,918.00 64,837.50 37,487.00 67,888.08 31,511.00 42,001.65 35,007.21 3,496.21 11.10%
898 1000-2800-2110-52010-020 Teacher Benefits 5,964.00 16,987.48 9,388.00 16,978.76 2,109.00 1,726.85 7,814.01 5,705.01 270.51%
899 1000-2800-2110-52310-020 Retirement 791.00 2,592.85 1,559.00 2,824.38 1,311.00 315.84 1,456.30 145.30 11.08%
900 1000-2800-2110-55800-020 Travel 100.00 203.05 0.00 0.00 210.00 0.00 210.00 0.00 0.00%
Totals 26,773.00 84,620.88 48,434.00 87,691.22 35,141.00 44,044.34 44,487.52 9,346.52 26.60%
901 Cost Center: 030 - POWNAL ELEMENTARY
902 1000-2800-2110-51010-030 Teacher Salaries 24,960.00 25,458.28 29,866.00 30,603.82 31,685.00 34,351.40 31,684.65 -0.35 0.00%
903 1000-2800-2110-52010-030 Teacher Benefits 2,097.00 1,702.97 2,042.00 859.83 2,113.00 56.78 602.12 -1,510.88 -71.50%
904 1000-2800-2110-52310-030 Retirement 991.00 931.19 1,242.00 1,197.30 1,318.00 276.29 1,318.08 0.08 0.01%
Totals 28,048.00 28,092.44 33,150.00 32,660.95 35,116.00 34,684.47 33,604.85 -1,511.15 -4.30%
905 Cost Center: 040 - MAST LANDING
906 1000-2800-2110-51010-040 Teacher Salaries 19,918.00 88,432.10 24,992.00 93,918.04 32,901.00 125,262.97 35,007.21 2,106.21 6.40%
907 1000-2800-2110-52010-040 Teacher Benefits 5,964.00 29,992.16 6,259.00 27,779.01 7,908.00 6,017.49 7,814.02 -93.98 -1.19%
908 1000-2800-2110-52310-040 Retirement 791.00 3,536.64 1,040.00 3,907.02 1,369.00 947.52 1,456.30 87.30 6.38%
909 1000-2800-2110-55800-040 Travel 100.00 0.00 0.00 0.00 0.00 0.00 0.00 0.00 0.00%
Totals 26,773.00 121,960.90 32,291.00 125,604.07 42,178.00 132,227.98 44,277.53 2,099.53 4.98%
910 Cost Center: 050 - FREEPORT MIDDLE SCHOOL
Page 17 of 24

Version 1.2
1-27-21
911 1000-2800-2110-51010-050 Teacher Salaries 60,733.00 65,742.81 68,963.00 68,962.66 72,444.00 91,483.21 74,585.45 2,141.45 2.96%
912 1000-2800-2110-52010-050 Teacher Benefits 19,405.00 15,689.77 15,786.00 15,633.43 15,965.00 3,440.50 18,060.98 2,095.98 13.13%
913 1000-2800-2110-52310-050 Retirement 2,411.00 2,629.15 2,869.00 2,868.84 3,014.00 695.46 3,198.72 184.72 6.13%
Totals 82,549.00 84,061.73 87,618.00 87,464.93 91,423.00 95,619.17 95,845.15 4,422.15 4.84%
2019 2019 2020 2020 2021 2021 2022
Total Budget Total Activity Total Budget Total Activity Total Budget YTD Activity FY22 V1.2 $ Diff % Diff Notes
914 Cost Center: 300 - FREEPORT HIGH SCHOOL
915 1000-2800-2110-51010-300 Teacher Salaries 34,684.00 36,245.00 38,452.00 37,332.36 39,606.00 90,169.45 76,187.31 36,581.31 92.36%
916 1000-2800-2110-52010-300 Teacher Benefits 10,065.00 7,925.09 7,978.00 10,696.12 9,950.00 3,417.79 15,355.57 5,405.57 54.33%
917 1000-2800-2110-52310-300 Retirement 1,377.00 1,449.44 1,600.00 1,552.98 1,648.00 367.08 1,647.60 -0.40 -0.02%
Totals 46,126.00 45,619.53 48,030.00 49,581.46 51,204.00 93,954.32 93,190.48 41,986.48 82.00%
918 Function: 2140 - SPED PSYCH SERVICES
919 Cost Center: 010 - DURHAM COMMUNITY
920 1000-2800-2140-51010-010 Teacher Salaries 27,521.00 47,829.91 26,423.00 58,587.83 25,842.00 28,384.76 28,797.90 2,955.90 11.44%
921 1000-2800-2140-52010-010 Teacher Benefit 6,963.00 6,225.42 4,868.00 7,763.26 5,123.00 1,230.30 5,565.89 442.89 8.65%
922 1000-2800-2140-52310-010 Retirement 1,093.00 1,912.78 1,099.00 2,484.69 1,075.00 294.30 1,198.00 123.00 11.44%
923 1000-2800-2140-55800-010 Travel 360.00 0.00 320.00 0.00 116.00 0.00 116.00 0.00 0.00%
Totals 35,937.00 55,968.11 32,710.00 68,835.78 32,156.00 29,909.36 35,677.79 3,521.79 10.95%
924 Cost Center: 020 - MORSE STREET
925 1000-2800-2140-51010-020 Teacher Salaries 27,521.00 16,650.91 26,423.00 25,390.19 25,842.00 38,009.92 28,797.90 2,955.90 11.44%
926 1000-2800-2140-52010-020 Teacher Benefit 6,963.00 3,953.00 4,868.00 5,028.74 5,123.00 1,219.88 5,565.89 442.89 8.65%
927 1000-2800-2140-52310-020 Retirement 1,093.00 665.81 1,099.00 1,056.13 1,075.00 294.30 1,198.00 123.00 11.44%
928 1000-2800-2140-55800-020 Travel 360.00 0.00 320.00 0.00 116.00 0.00 116.00 0.00 0.00%
Totals 35,937.00 21,269.72 32,710.00 31,475.06 32,156.00 39,524.10 35,677.79 3,521.79 10.95%
929 Cost Center: 030 - POWNAL ELEMENTARY
930 1000-2800-2140-51010-030 Teacher Salaries 27,521.00 47,829.91 26,423.00 58,387.57 25,842.00 38,009.92 15,163.11 -10,678.89 -41.32%
931 1000-2800-2140-52010-030 Teacher Benefit 6,963.00 6,224.95 4,868.00 7,759.30 5,123.00 1,230.29 3,903.08 -1,219.92 -23.81%
932 1000-2800-2140-52310-030 Retirement 1,093.00 1,912.77 1,099.00 2,476.13 1,075.00 294.30 630.79 -444.21 -41.32%
933 1000-2800-2140-55800-030 Travel 360.00 0.00 320.00 0.00 116.00 0.00 116.00 0.00 0.00%
Totals 35,937.00 55,967.63 32,710.00 68,623.00 32,156.00 39,534.51 19,812.98 -12,343.02 -38.38%
934 Cost Center: 040 - MAST LANDING
935 1000-2800-2140-51010-040 Teacher Salaries 27,521.00 16,650.91 26,423.00 25,390.19 25,842.00 38,009.92 28,797.89 2,955.89 11.44%
936 1000-2800-2140-52010-040 Teacher Benefit 6,963.00 3,953.01 4,868.00 5,028.64 5,123.00 1,219.87 5,565.89 442.89 8.65%
937 1000-2800-2140-52310-040 Retirement 1,093.00 665.81 1,099.00 1,056.13 1,075.00 294.30 1,197.98 122.98 11.44%
938 1000-2800-2140-55800-040 Travel 360.00 0.00 320.00 0.00 116.00 0.00 116.00 0.00 0.00%
Totals 35,937.00 21,269.73 32,710.00 31,474.96 32,156.00 39,524.09 35,677.76 3,521.76 10.95%
939 Cost Center: 050 - FREEPORT MIDDLE SCHOOL
940 1000-2800-2140-51010-050 Teacher Salaries 27,521.00 16,651.36 26,423.00 25,389.96 25,842.00 38,010.04 28,797.89 2,955.89 11.44%
941 1000-2800-2140-52010-050 Teacher Benefit 6,963.00 3,952.59 1,217.00 5,029.35 5,123.00 1,220.02 5,565.89 442.89 8.65%
942 1000-2800-2140-52310-050 Retirement 1,093.00 666.23 1,099.00 1,056.17 1,075.00 294.30 1,197.98 122.98 11.44%
943 1000-2800-2140-55800-050 Travel 360.00 0.00 320.00 0.00 116.00 0.00 116.00 0.00 0.00%
Totals 35,937.00 21,270.18 29,059.00 31,475.48 32,156.00 39,524.36 35,677.76 3,521.76 10.95%
944 Cost Center: 300 - FREEPORT HIGH SCHOOL
945 1000-2800-2140-51010-300 Teacher Salaries 16,545.00 0.00 33,029.00 10,381.56 40,886.00 19,649.06 17,043.48 -23,842.52 -58.31%
946 1000-2800-2140-52010-300 Teacher Benefit 5,007.00 0.00 6,085.00 1,346.45 5,331.00 438.41 2,078.52 -3,252.48 -61.01%
947 1000-2800-2140-52310-300 Retirement 657.00 0.00 1,374.00 432.14 1,701.00 157.08 709.01 -991.99 -58.32%
948 1000-2800-2140-55800-300 Travel 800.00 0.00 500.00 6.67 20.00 0.00 20.00 0.00 0.00%
Totals 23,009.00 0.00 40,988.00 12,166.82 47,938.00 20,244.55 19,851.01 -28,086.99 -58.59%
949 Cost Center: 950 - K-8
950 1000-2800-2140-55800-950 Travel 0.00 584.45 0.00 0.00 0.00 0.00 0.00 0.00 0.00%
Totals 0.00 584.45 0.00 0.00 0.00 0.00 0.00 0.00 0.00%
951 Cost Center: 990 - 9-12
952 1000-2800-2140-51010-990 Teacher Salaries 0.00 0.00 0.00 0.00 0.00 0.00 13,634.79 13,634.79 100.00%
953 1000-2800-2140-52010-990 Teacher Benefit 0.00 0.00 0.00 0.00 0.00 0.00 1,662.82 1,662.82 100.00%
954 1000-2800-2140-52310-990 Retirement 0.00 0.00 0.00 0.00 0.00 0.00 567.21 567.21 100.00%
955 1000-2800-2140-55800-990 Travel 0.00 16.62 0.00 0.00 0.00 0.00 0.00 0.00 0.00%
Totals 0.00 16.62 0.00 0.00 0.00 0.00 15,864.82 15,864.82 100.00%
956 Function: 2150 - SPED SPEECH & AUDIOLOGY
957 Cost Center: 010 - DURHAM COMMUNITY
958 1000-2800-2150-51010-010 Teacher Salaries 68,824.00 84,749.53 76,905.00 79,061.76 82,282.00 91,897.22 76,835.27 -5,446.73 -6.62%
959 1000-2800-2150-52010-010 Teacher Benefits 14,571.00 11,544.53 10,442.00 10,545.46 10,672.00 2,067.83 12,163.21 1,491.21 13.97%
960 1000-2800-2150-52310-010 Retirement 2,732.00 3,385.82 3,199.00 3,288.84 3,423.00 734.22 3,295.20 -127.80 -3.73%
Page 18 of 24

Version 1.2
1-27-21
961 1000-2800-2150-53440-010 Professional Services 0.00 559.11 0.00 0.00 0.00 0.00 0.00 0.00 0.00%
Totals 86,127.00 100,238.99 90,546.00 92,896.06 96,377.00 94,699.27 92,293.68 -4,083.32 -4.24%
2019 2019 2020 2020 2021 2021 2022
Total Budget Total Activity Total Budget Total Activity Total Budget YTD Activity FY22 V1.2 $ Diff % Diff Notes
962 Cost Center: 020 - MORSE STREET
963 1000-2800-2150-51010-020 Teacher Salaries 76,212.00 73,445.12 51,937.00 68,602.24 55,307.00 68,042.67 58,828.86 3,521.86 6.37%
964 1000-2800-2150-52010-020 Teacher Benefits 15,191.00 11,706.91 9,906.00 10,678.06 10,065.00 2,110.68 9,908.47 -156.53 -1.56%
965 1000-2800-2150-52310-020 Retirement 3,026.00 2,443.04 2,161.00 2,343.48 2,301.00 528.06 2,447.28 146.28 6.36%
Totals 94,429.00 87,595.07 64,004.00 81,623.78 67,673.00 70,681.41 71,184.61 3,511.61 5.19%
966 Cost Center: 030 - POWNAL ELEMENTARY
967 1000-2800-2150-51010-030 Teacher Salaries 30,838.00 44,864.27 27,210.00 32,653.60 28,380.00 37,324.66 29,596.46 1,216.46 4.29%
968 1000-2800-2150-52010-030 Teacher Benefits 4,341.00 14,148.54 8,618.00 6,587.03 8,685.00 1,902.05 8,592.31 -92.69 -1.07%
969 1000-2800-2150-52310-030 Retirement 1,224.00 1,790.76 1,132.00 1,358.44 1,181.00 270.96 1,231.21 50.21 4.25%
970 1000-2800-2150-55800-030 Travel 150.00 0.00 0.00 0.00 0.00 0.00 0.00 0.00 0.00%
Totals 36,553.00 60,803.57 36,960.00 40,599.07 38,246.00 39,497.67 39,419.98 1,173.98 3.07%
971 Cost Center: 040 - MAST LANDING
972 1000-2800-2150-51010-040 Teacher Salaries 30,838.00 44,864.05 40,815.00 44,165.32 42,570.00 55,986.79 44,394.68 1,824.68 4.29%
973 1000-2800-2150-52010-040 Teacher Benefits 4,341.00 14,147.51 12,927.00 10,699.85 13,027.00 2,853.26 12,888.47 -138.53 -1.06%
974 1000-2800-2150-52310-040 Retirement 1,224.00 1,790.54 1,698.00 1,837.16 1,771.00 406.44 1,846.82 75.82 4.28%
975 1000-2800-2150-55800-040 Travel 150.00 0.00 0.00 0.00 0.00 0.00 0.00 0.00 0.00%
Totals 36,553.00 60,802.10 55,440.00 56,702.33 57,368.00 59,246.49 59,129.97 1,761.97 3.07%
976 Cost Center: 050 - FREEPORT MIDDLE SCHOOL
977 1000-2800-2150-51010-050 Teacher Salaries 35,274.00 49,121.02 37,967.00 42,364.58 39,606.00 50,058.54 39,605.81 -0.19 0.00%
978 1000-2800-2150-52010-050 Teacher Benefits 12,005.00 11,469.00 9,858.00 10,554.71 9,950.00 2,164.57 9,788.84 -161.16 -1.62%
979 1000-2800-2150-52310-050 Retirement 1,400.00 1,961.02 1,579.00 1,762.38 1,648.00 373.38 1,647.60 -0.40 -0.02%
980 1000-2800-2150-55800-050 Travel 150.00 69.80 0.00 8.99 70.00 0.00 70.00 0.00 0.00%
Totals 48,829.00 62,620.84 49,404.00 54,690.66 51,274.00 52,596.49 51,112.25 -161.75 -0.32%
981 Cost Center: 300 - FREEPORT HIGH SCHOOL
982 1000-2800-2150-51010-300 Teacher Salaries 0.00 15,324.40 0.00 5,496.12 0.00 0.00 39,605.81 39,605.81 100.00%
983 1000-2800-2150-52010-300 Teacher Benefits 0.00 2,257.00 0.00 716.76 0.00 0.00 9,788.85 9,788.85 100.00%
984 1000-2800-2150-52310-300 Retirement 0.00 608.40 0.00 228.78 0.00 0.00 1,647.60 1,647.60 100.00%
985 1000-2800-2150-53440-300 Professional Services 0.00 51.20 0.00 0.00 0.00 0.00 0.00 0.00 0.00%
Totals 0.00 18,241.00 0.00 6,441.66 0.00 0.00 51,042.26 51,042.26 100.00%
986 Cost Center: 990 - 9-12
987 1000-2800-2150-51010-990 Teacher Salaries 35,274.00 36,861.50 37,967.00 37,967.54 39,606.00 50,058.33 0.00 -39,606.00 -100.00%
988 1000-2800-2150-52010-990 Teacher Benefit 12,005.00 9,804.13 9,858.00 9,796.38 9,950.00 2,164.53 0.00 -9,950.00 -100.00%
989 1000-2800-2150-52310-990 Retirement 1,400.00 1,474.08 1,579.00 1,579.50 1,648.00 373.38 1,648.00 0.00 0.00%
990 1000-2800-2150-55800-990 Travel 150.00 0.00 0.00 0.00 70.00 0.00 70.00 0.00 0.00%
Totals 48,829.00 48,139.71 49,404.00 49,343.42 51,274.00 52,596.24 1,718.00 -49,556.00 -96.65%
991 Function: 2160 - SPED OT
992 Cost Center: 010 - DURHAM COMMUNITY
993 1000-2800-2160-51010-010 Teacher Salaries 26,992.00 5,979.68 52,796.00 0.00 54,401.00 71,873.10 52,328.54 -2,072.46 -3.81%
994 1000-2800-2160-52010-010 Teacher Benefits 7,541.00 1,098.11 3,935.00 0.00 4,433.00 956.50 976.98 -3,456.02 -77.96%
995 1000-2800-2160-52310-010 Retirement 1,072.00 237.41 2,196.00 0.00 2,263.00 0.00 2,176.87 -86.13 -3.81%
996 1000-2800-2160-55800-010 Travel 150.00 201.96 160.00 0.00 210.00 0.00 210.00 0.00 0.00%
Totals 35,755.00 7,517.16 59,087.00 0.00 61,307.00 72,829.60 55,692.39 -5,614.61 -9.16%
997 Cost Center: 020 - MORSE STREET
998 1000-2800-2160-51010-020 Teacher Salaries 14,110.00 21,331.19 32,217.00 32,217.35 34,081.00 38,397.70 44,933.60 10,852.60 31.84%
999 1000-2800-2160-52010-020 Teacher Benefits 4,802.00 2,193.07 2,793.00 4,734.25 2,867.00 1,662.40 841.31 -2,025.69 -70.66%
1000 1000-2800-2160-52310-020 Retirement 560.00 794.35 1,340.00 1,340.28 1,418.00 327.18 1,869.24 451.24 31.82%
1001 1000-2800-2160-55800-020 Travel 150.00 79.95 160.00 0.00 80.00 0.00 80.00 0.00 0.00%
Totals 19,622.00 24,398.56 36,510.00 38,291.88 38,446.00 40,387.28 47,724.15 9,278.15 24.13%
1002 Cost Center: 030 - POWNAL ELEMENTARY
1003 1000-2800-2160-51010-030 Teacher Salaries 14,110.00 1,520.40 13,199.00 0.00 13,675.00 15,590.95 14,951.01 1,276.01 9.33%
1004 1000-2800-2160-52010-030 Teacher Benefits 4,802.00 64.50 984.00 0.00 1,110.00 173.88 279.14 -830.86 -74.85%
1005 1000-2800-2160-52310-030 Retirement 560.00 0.00 549.00 0.00 569.00 0.00 621.96 52.96 9.31%
1006 1000-2800-2160-55800-030 Travel 150.00 161.08 160.00 0.00 160.00 0.00 160.00 0.00 0.00%
Totals 19,622.00 1,745.98 14,892.00 0.00 15,514.00 15,764.83 16,012.11 498.11 3.21%
1007 Cost Center: 040 - MAST LANDING
1008 1000-2800-2160-51010-040 Teacher Salaries 14,110.00 8,124.05 10,739.00 10,739.04 11,423.00 12,799.24 12,838.17 1,415.17 12.39%
1009 1000-2800-2160-52010-040 Teacher Benefits 4,802.00 179.96 931.00 199.10 957.00 22.23 240.37 -716.63 -74.88%
1010 1000-2800-2160-52310-040 Retirement 560.00 264.83 447.00 446.69 475.00 109.08 534.07 59.07 12.44%
Page 19 of 24

Version 1.2
1-27-21
1011 1000-2800-2160-55800-040 Travel 150.00 10.32 160.00 0.00 20.00 0.00 20.00 0.00 0.00%
Totals 19,622.00 8,579.16 12,277.00 11,384.83 12,875.00 12,930.55 13,632.61 757.61 5.88%
2019 2019 2020 2020 2021 2021 2022
Total Budget Total Activity Total Budget Total Activity Total Budget YTD Activity FY22 V1.2 $ Diff % Diff Notes
1012 Cost Center: 050 - FREEPORT MIDDLE SCHOOL
1013 1000-2800-2160-51010-050 Teacher Salaries 8,997.00 9,281.50 5,370.00 5,369.52 5,712.00 6,399.62 7,475.51 1,763.51 30.87%
1014 1000-2800-2160-52010-050 Teacher Benefits 2,514.00 1,155.88 465.00 99.56 479.00 11.13 139.57 -339.43 -70.86%
1015 1000-2800-2160-52310-050 Retirement 357.00 369.77 223.00 223.34 238.00 54.54 310.98 72.98 30.66%
1016 1000-2800-2160-55800-050 Travel 150.00 0.00 100.00 0.00 0.00 0.00 0.00 0.00 0.00%
Totals 12,018.00 10,807.15 6,158.00 5,692.42 6,429.00 6,465.29 7,926.06 1,497.06 23.29%
1017 Cost Center: 300 - FREEPORT HIGH SCHOOL
1018 1000-2800-2160-51010-300 Teacher Salaries 28,219.00 6,342.62 5,370.00 5,369.53 5,680.00 6,399.50 6,419.09 739.09 13.01%
1019 1000-2800-2160-52010-300 Teacher Benefits 9,604.00 186.86 465.00 99.35 477.00 11.10 120.19 -356.81 -74.80%
1020 1000-2800-2160-52310-300 Retirement 1,270.00 132.41 223.00 223.35 237.00 54.48 267.03 30.03 12.67%
1021 1000-2800-2160-55800-300 Travel 150.00 0.00 100.00 0.00 0.00 0.00 0.00 0.00 0.00%
Totals 39,243.00 6,661.89 6,158.00 5,692.23 6,394.00 6,465.08 6,806.31 412.31 6.45%
1022 Function: 2180 - SPED VISUALLY IMPAIRED/VISION SERVICES
1023 Cost Center: 950 - K-8
1024 1000-2800-2180-51010-950 TEACHERS SALARIES 31,999.00 33,855.78 35,301.00 35,300.98 37,308.00 47,911.30 41,925.22 4,617.22 12.38%
1025 1000-2800-2180-52010-950 TEACHER BENEFITS 4,438.00 2,633.88 2,509.00 2,873.02 2,589.00 3,201.90 10,843.16 8,254.16 318.82%
1026 1000-2800-2180-52310-950 Retirement 1,270.00 1,354.07 1,469.00 1,468.48 1,552.00 351.36 1,744.09 192.09 12.38%
1027 1000-2800-2180-53440-950 Professional Services 0.00 55.44 0.00 0.00 0.00 0.00 0.00 0.00 0.00%
1028 1000-2800-2180-55800-950 Travel 350.00 0.00 350.00 0.00 0.00 0.00 0.00 0.00 0.00%
Totals 38,057.00 37,899.17 39,629.00 39,642.48 41,449.00 51,464.56 54,512.47 13,063.47 31.52%
1029 Program: 3000 - CTE PROGRAM
1030 Function: 1000 - REGULAR INSTRUCTION
1031 Cost Center: 300 - FREEPORT HIGH SCHOOL
1032 1000-3000-1000-55640-300 MVR 10 Assessment 74,492.00 74,491.98 99,419.00 99,418.85 101,706.00 101,705.40 116,961.90 15,255.90 15.00%
Totals 74,492.00 74,491.98 99,419.00 99,418.85 101,706.00 101,705.40 116,961.90 15,255.90 15.00%
1033 Program: 4100 - ENGLISH LANGUAGE LEARNER (ELL)
1034 Function: 1000 - REGULAR INSTRUCTION
1035 Cost Center: 950 - K-8
1036 1000-4100-1000-51010-950 Teachers Salary 44,841.00 47,921.30 50,827.00 52,617.40 20,089.00 9,780.09 31,726.22 11,637.22 57.93%
1037 1000-4100-1000-52010-950 Teacher Benefits 10,798.00 8,024.46 8,124.00 7,980.55 3,098.00 491.62 601.34 -2,496.66 -80.59%
1038 1000-4100-1000-52310-950 Retirement 1,780.00 1,916.60 2,114.00 2,189.02 836.00 176.54 1,319.81 483.81 57.87%
1039 1000-4100-1000-53000-950 Purchased Professional Services 0.00 0.00 0.00 0.00 200.00 0.00 200.00 0.00 0.00%
1040 1000-4100-1000-53400-950 Professional Services 0.00 0.00 0.00 642.70 0.00 0.00 0.00 0.00 0.00%
1041 1000-4100-1000-55800-950 Travel 310.00 169.77 450.00 164.29 170.00 0.00 170.00 0.00 0.00%
1042 1000-4100-1000-56100-950 Instructional Supplies 0.00 236.58 650.00 264.25 350.00 223.35 350.00 0.00 0.00%
Totals 57,729.00 58,268.71 62,165.00 63,858.21 24,743.00 10,671.60 34,367.37 9,624.37 38.90%
1043 Cost Center: 990 - 9-12
1044 1000-4100-1000-51010-990 Teacher Salaries 11,210.00 11,980.27 12,707.00 12,706.98 13,392.00 3,807.41 7,931.55 -5,460.45 -40.77%
1045 1000-4100-1000-52010-990 Teacher Benefits 2,700.00 2,006.25 2,031.00 1,940.39 2,066.00 166.86 150.34 -1,915.66 -92.72%
1046 1000-4100-1000-52310-990 Retirement 445.00 479.05 529.00 528.58 557.00 105.46 329.95 -227.05 -40.76%
1047 1000-4100-1000-53000-990 Purchased Professional Services 0.00 0.00 0.00 0.00 200.00 0.00 200.00 0.00 0.00%
1048 1000-4100-1000-55800-990 Travel-Other 200.00 140.40 450.00 29.52 140.00 0.00 140.00 0.00 0.00%
1049 1000-4100-1000-56100-990 Instructional Supplies 0.00 0.00 650.00 590.39 400.00 0.00 400.00 0.00 0.00%
Totals 14,555.00 14,605.97 16,367.00 15,795.86 16,755.00 4,079.73 9,151.84 -7,603.16 -45.38%
1050 Program: 4200 - ALTERNATIVE (AT RISK) ED PROGRAM
1051 Function: 1000 - REGULAR INSTRUCTION
1052 Cost Center: 010 - DURHAM COMMUNITY
1053 1000-4200-1000-53000-010 Purchased Professional 25,000.00 25,000.00 25,000.00 25,000.00 25,000.00 25,000.00 25,000.00 0.00 0.00%
Totals 25,000.00 25,000.00 25,000.00 25,000.00 25,000.00 25,000.00 25,000.00 0.00 0.00%
1054 Cost Center: 050 - FREEPORT MIDDLE SCHOOL
1055 1000-4200-1000-53000-050 Purchased Professional 25,000.00 25,000.00 25,000.00 25,000.00 25,000.00 25,000.00 25,000.00 0.00 0.00%
Totals 25,000.00 25,000.00 25,000.00 25,000.00 25,000.00 25,000.00 25,000.00 0.00 0.00%
1056 Cost Center: 300 - FREEPORT HIGH SCHOOL
1057 1000-4200-1000-53000-300 JMG 25,000.00 25,000.00 25,000.00 25,000.00 25,000.00 25,000.00 25,000.00 0.00 0.00%
Totals 25,000.00 25,000.00 25,000.00 25,000.00 25,000.00 25,000.00 25,000.00 0.00 0.00%
2019 2019 2020 2020 2021 2021 2022
Total Budget Total Activity Total Budget Total Activity Total Budget YTD Activity FY22 V1.2 $ Diff % Diff Notes
1058 Program: 4900 - GIFTED & TALENTED
Page 20 of 24

Version 1.2
1-27-21
1059 Function: 1000 - REGULAR INSTRUCTION
1060 Cost Center: 950 - K-8
1061 1000-4900-1000-51010-950 Teacher Salaries 137,141.00 121,382.96 165,231.00 126,717.76 170,286.00 243,904.95 200,767.79 30,481.79 17.90% 12
1062 1000-4900-1000-51500-950 Stipends 13,095.00 5,000.00 12,744.00 3,000.00 15,444.00 1,599.66 15,444.00 0.00 0.00%
1063 1000-4900-1000-52000-950 Stipends 655.00 28.50 637.00 15.00 772.00 0.00 772.00 0.00 0.00%
1064 1000-4900-1000-52010-950 Teacher Benefits 48,435.00 29,627.92 46,178.00 29,456.62 46,496.00 2,623.68 30,673.83 -15,822.17 -34.03%
1065 1000-4900-1000-52300-950 Retirement 520.00 0.00 530.00 0.00 642.00 0.00 642.00 0.00 0.00%
1066 1000-4900-1000-52310-950 Retirement 5,444.00 5,242.59 6,874.00 5,580.20 7,084.00 1,387.55 8,610.24 1,526.24 21.54%
1067 1000-4900-1000-53000-950 Purchased Professional Services 0.00 0.00 0.00 0.00 4,167.00 1,544.50 3,867.30 -299.70 -7.19%
1068 1000-4900-1000-53400-950 Professional Services Testing 0.00 176.92 0.00 1,403.64 0.00 0.00 0.00 0.00 0.00%
1069 1000-4900-1000-53440-950 GaTE K-8 Professional Servies 4,020.00 4,107.18 4,120.00 1,410.00 0.00 316.00 0.00 0.00 0.00%
1070 1000-4900-1000-55800-950 Travel 700.00 431.08 1,218.00 448.09 908.00 0.00 908.00 0.00 0.00%
1071 1000-4900-1000-56100-950 GaTE K-8 Instructional Supplies 5,298.00 1,223.01 4,827.00 1,780.34 4,419.00 995.38 4,292.34 -126.66 -2.87%
1072 1000-4900-1000-56400-950 GaTE K-8 Books 1,200.00 710.88 1,200.00 494.96 1,200.00 356.18 1,200.00 0.00 0.00%
1073 1000-4900-1000-58100-950 Dues and Fees 0.00 0.00 0.00 0.00 2,692.00 0.00 2,752.00 60.00 2.23%
Totals 216,508.00 167,931.04 243,559.00 170,306.61 254,110.00 252,727.90 269,929.50 15,819.50 6.23%
1074 Cost Center: 990 - 9-12
1075 1000-4900-1000-51010-990 Teacher Salaries 21,042.00 48,485.34 17,163.00 55,634.87 18,121.00 0.00 0.00 -18,121.00 -100.00%
1076 1000-4900-1000-51500-990 Stipends 480.00 0.00 0.00 0.00 300.00 0.00 300.00 0.00 0.00%
1077 1000-4900-1000-52000-990 Stipends 24.00 0.00 0.00 0.00 15.00 0.00 15.00 0.00 0.00%
1078 1000-4900-1000-52010-990 Teacher Benefits 11,809.00 20,973.25 4,700.00 21,107.03 4,714.00 19.94 0.00 -4,714.00 -100.00%
1079 1000-4900-1000-52300-990 Retirement 19.00 0.00 0.00 0.00 12.00 0.00 12.00 0.00 0.00%
1080 1000-4900-1000-52310-990 Retirement 835.00 2,016.52 714.00 2,317.84 754.00 10.98 754.00 0.00 0.00%
1081 1000-4900-1000-53000-990 Purchase Professional Services 0.00 0.00 0.00 0.00 345.00 0.00 345.00 0.00 0.00%
1082 1000-4900-1000-53440-990 GaTE HS Professional Services 7,000.00 2,990.06 9,370.00 2,406.88 9,325.00 1,098.52 9,325.00 0.00 0.00%
1083 1000-4900-1000-55800-990 Travel 300.00 293.24 300.00 483.30 300.00 0.00 300.00 0.00 0.00%
1084 1000-4900-1000-56100-990 GaTE HS Instructional Supplies 634.00 0.00 563.00 0.00 563.00 0.00 563.00 0.00 0.00%
Totals 42,143.00 74,758.41 32,810.00 81,949.92 34,449.00 1,129.44 11,614.00 -22,835.00 -66.29%
1085 Program: 8600 - CROSSING GUARD
1086 Function: 0000 - CONTINGENCY
1087 Cost Center: 900 - SYSTEM WIDE
1088 1000-8600-0000-55900-900 Crossing Guards 1,400.00 231.00 1,400.00 0.00 1,400.00 0.00 1,400.00 0.00 0.00%
Totals 1,400.00 231.00 1,400.00 0.00 1,400.00 0.00 1,400.00 0.00 0.00%
1089 Program: 9100 - CO-CURRICULAR ELEMENTARY
1090 Function: 1000 - REGULAR INSTRUCTION
1091 Cost Center: 010 - DURHAM COMMUNITY
1092 1000-9100-1000-51500-010 Stipends 19,618.00 23,241.00 22,294.00 22,852.58 27,657.00 13,814.63 26,626.70 -1,030.30 -3.73%
1093 1000-9100-1000-52000-010 Benefits 981.00 1,599.10 1,115.00 664.64 1,383.00 185.39 439.32 -943.68 -68.23%
1094 1000-9100-1000-52300-010 Retirement 779.00 181.51 927.00 13.67 1,151.00 0.00 1,107.71 -43.29 -3.76%
1095 1000-9100-1000-56000-010 Supplies 750.00 595.84 750.00 514.80 0.00 0.00 750.00 750.00 100.00%
1096 1000-9100-1000-56100-010 Instructional Supplies 0.00 0.00 0.00 0.00 750.00 0.00 0.00 -750.00 -100.00%
1097 1000-9100-1000-58100-010 Dues & Fees 680.00 929.50 1,170.00 678.50 1,057.00 0.00 1,609.00 552.00 52.22%
Totals 22,808.00 26,546.95 26,256.00 24,724.19 31,998.00 14,000.02 30,532.73 -1,465.27 -4.58%
1098 Cost Center: 030 - POWNAL ELEMENTARY
1099 1000-9100-1000-51500-030 Stipends 6,015.00 7,037.00 7,779.00 8,070.92 7,929.00 2,173.16 6,439.71 -1,489.29 -18.78%
1100 1000-9100-1000-52000-030 Stipend Benefits 301.00 80.33 389.00 39.06 396.00 0.52 106.24 -289.76 -73.17%
1101 1000-9100-1000-52300-030 MPERS Employer Contribution 239.00 77.73 324.00 0.00 330.00 0.00 267.90 -62.10 -18.82%
1102 1000-9100-1000-58100-030 Dues & Fees 200.00 0.00 200.00 0.00 0.00 0.00 200.00 200.00 100.00%
Totals 6,755.00 7,195.06 8,692.00 8,109.98 8,655.00 2,173.68 7,013.85 -1,641.15 -18.96%
1103 Cost Center: 040 - MAST LANDING
1104 1000-9100-1000-51500-040 Stipends 4,593.00 5,414.00 6,314.00 10,470.01 10,371.00 5,408.10 8,071.49 -2,299.51 -22.17%
1105 1000-9100-1000-52000-040 Stipend Benefits 230.00 32.22 316.00 91.33 519.00 1.26 133.19 -385.81 -74.34%
1106 1000-9100-1000-52300-040 RETIREMENT 182.00 0.00 263.00 13.83 431.00 0.00 335.78 -95.22 -22.09%
1107 1000-9100-1000-58100-040 Dues & Fees 610.00 175.00 400.00 175.00 400.00 0.00 400.00 0.00 0.00%
Totals 5,615.00 5,621.22 7,293.00 10,750.17 11,721.00 5,409.36 8,940.46 -2,780.54 -23.72%
2019 2019 2020 2020 2021 2021 2022
Total Budget Total Activity Total Budget Total Activity Total Budget YTD Activity FY22 V1.2 $ Diff % Diff Notes
1108 Cost Center: 050 - FREEPORT MIDDLE SCHOOL
1109 1000-9100-1000-51500-050 Stipends 27,164.00 33,274.23 28,903.00 27,155.45 30,125.00 11,494.59 30,979.34 854.34 2.84%
1110 1000-9100-1000-52000-050 Stipend Benefits 1,358.00 1,194.72 1,445.00 215.56 1,506.00 5.48 511.11 -994.89 -66.06%
1111 1000-9100-1000-52300-050 Retirement 1,078.00 139.07 1,202.00 11.44 1,253.00 0.00 1,288.78 35.78 2.86%
1112 1000-9100-1000-56000-050 Supplies 3,000.00 2,961.94 3,000.00 2,117.05 0.00 -120.48 0.00 0.00 0.00%
Page 21 of 24

Version 1.2
1-27-21
1113 1000-9100-1000-56100-050 Instructional Supplies 0.00 0.00 0.00 0.00 3,900.00 710.64 3,900.00 0.00 0.00%
1114 1000-9100-1000-58100-050 Dues & Fees 2,750.00 2,749.72 2,750.00 1,463.00 2,750.00 551.00 2,750.00 0.00 0.00%
Totals 35,350.00 40,319.68 37,300.00 30,962.50 39,534.00 12,641.23 39,429.23 -104.77 -0.27%
1115 Function: 2700 - TRANSPORTATION
1116 Cost Center: 950 - K-8
1117 1000-9100-2700-58500-950 Co-Curr Transportation 1,500.00 0.00 1,500.00 0.00 0.00 0.00 0.00 0.00 0.00%
Totals 1,500.00 0.00 1,500.00 0.00 0.00 0.00 0.00 0.00 0.00%
1118 Program: 9200 - ELEM EX-CURRICULAR ATHLETICS
1119 Function: 1000 - REGULAR INSTRUCTION
1120 Cost Center: 050 - FREEPORT MIDDLE SCHOOL
1121 1000-9200-1000-51040-050 Athletic Director Salary 28,698.00 29,271.83 30,150.00 34,653.22 30,635.00 34,729.49 31,675.59 1,040.59 3.40%
1122 1000-9200-1000-51180-050 Support Salary 0.00 0.00 0.00 0.00 4,688.00 0.00 10,213.60 5,525.60 117.87%
1123 1000-9200-1000-51230-050 Other Wages 6,547.00 5,503.26 7,253.00 5,823.07 0.00 2,501.27 0.00 0.00 0.00%
1124 1000-9200-1000-51500-050 Stipends-Coaches 106,981.00 109,526.46 113,645.00 84,948.47 114,107.00 39,238.24 114,107.00 0.00 0.00%
1125 1000-9200-1000-52000-050 Benefits 0.00 9,075.22 0.00 3,620.62 5,705.00 1,063.80 5,705.00 0.00 0.00%
1126 1000-9200-1000-52010-050 Stipend Benefits 5,349.00 0.00 5,682.00 0.00 0.00 0.00 0.00 0.00 0.00%
1127 1000-9200-1000-52030-050 Other Benefits 1,272.00 447.88 1,441.00 581.45 0.00 65.07 21.55 21.55 100.00%
1128 1000-9200-1000-52040-050 AD Benefits 6,256.00 3,803.29 4,090.00 4,016.27 3,963.00 5,032.61 6,226.32 2,263.32 57.11%
1129 1000-9200-1000-52080-050 Support Benefits 0.00 0.00 0.00 0.00 1,032.00 0.00 739.85 -292.15 -28.31%
1130 1000-9200-1000-52300-050 Retirement 4,247.00 994.17 4,728.00 139.49 4,747.00 0.00 4,747.00 0.00 0.00%
1131 1000-9200-1000-52330-050 Retirement 0.00 0.00 0.00 22.10 0.00 0.00 0.00 0.00 0.00%
1132 1000-9200-1000-52340-050 Retirement 1,162.00 1,162.19 1,254.00 1,441.60 1,279.00 295.26 1,317.70 38.70 3.03%
1133 1000-9200-1000-53000-050 Game Officials 20,159.00 13,989.98 20,507.00 9,628.86 21,958.00 0.00 21,785.00 -173.00 -0.79%
1134 1000-9200-1000-55800-050 Travel 0.00 0.00 0.00 0.00 75.00 0.00 75.00 0.00 0.00%
1135 1000-9200-1000-56100-050 Program Supplies 25,233.00 23,234.08 25,685.00 16,230.77 26,586.00 18,919.28 27,311.00 725.00 2.73%
1136 1000-9200-1000-58100-050 Dues and Fees 13,686.00 13,438.91 14,593.00 16,482.94 14,903.00 -367.50 17,508.00 2,605.00 17.48%
Totals 219,590.00 210,447.27 229,028.00 177,588.86 229,678.00 101,477.52 241,432.61 11,754.61 5.12%
1137 Program: 9500 - CO-CURRICULAR HIGH SCHOOL
1138 Function: 1000 - REGULAR INSTRUCTION
1139 Cost Center: 300 - FREEPORT HIGH SCHOOL
1140 1000-9500-1000-51500-300 Stipends 63,198.00 81,264.42 76,209.00 81,262.81 76,676.00 39,585.46 89,943.69 13,267.69 17.30%
1141 1000-9500-1000-52000-300 Stipend Benefits 3,160.00 3,967.77 3,810.00 2,001.47 3,834.00 284.32 1,796.83 -2,037.17 -53.13%
1142 1000-9500-1000-52300-300 Retirement 2,509.00 683.94 3,170.00 45.20 3,190.00 0.00 3,741.75 551.75 17.30%
1143 1000-9500-1000-56000-300 Supplies 4,000.00 4,100.00 5,000.00 1,116.02 0.00 0.00 0.00 0.00 0.00%
1144 1000-9500-1000-56100-300 Instructional Supplies 0.00 0.00 0.00 0.00 1,400.00 416.18 1,505.00 105.00 7.50%
1145 1000-9500-1000-58100-300 Dues and Fees 7,100.00 5,002.00 7,560.00 4,595.00 11,650.00 3,286.07 12,295.00 645.00 5.54%
Totals 79,967.00 95,018.13 95,749.00 89,020.50 96,750.00 43,572.03 109,282.27 12,532.27 12.95%
2019 2019 2020 2020 2021 2021 2022
Total Budget Total Activity Total Budget Total Activity Total Budget YTD Activity FY22 V1.2 $ Diff % Diff Notes
1146 Program: 9600 - SEC EX-CURRICULAR ATHLETIC
1147 Function: 1000 - REGULAR INSTRUCTION
1148 Cost Center: 300 - FREEPORT HIGH SCHOOL
1149 1000-9600-1000-51040-300 Athletic Director Salaries 66,962.00 68,301.17 70,350.00 80,857.90 71,366.00 81,035.23 73,909.71 2,543.71 3.56%
1150 1000-9600-1000-51180-300 Support Salary 0.00 0.00 0.00 0.00 10,938.00 0.00 23,831.08 12,893.08 117.87% 13
1151 1000-9600-1000-51230-300 Other Wages 19,091.00 15,636.48 21,450.00 14,505.37 0.00 5,862.96 0.00 0.00 0.00%
1152 1000-9600-1000-51500-300 Stipends-Coaches 152,245.00 147,845.74 160,812.00 108,087.66 164,788.00 77,026.85 169,732.00 4,944.00 3.00%
1153 1000-9600-1000-52000-300 Stipend Benefits 7,612.00 10,275.71 8,041.00 8,050.66 8,239.00 507.75 8,486.60 247.60 3.01%
1154 1000-9600-1000-52030-300 Other Benefits 2,967.00 1,449.23 2,963.00 1,377.34 0.00 157.76 0.00 0.00 0.00%
1155 1000-9600-1000-52040-300 Athletic Director Benefits 14,598.00 8,873.75 9,544.00 9,370.75 9,248.00 11,742.78 14,528.07 5,280.07 57.09%
1156 1000-9600-1000-52080-300 Support Beneifts 0.00 0.00 0.00 0.00 2,408.00 0.00 3,404.27 996.27 41.37%
1157 1000-9600-1000-52300-300 Retirement 6,044.00 588.62 6,690.00 247.61 6,855.00 116.48 7,060.85 205.85 3.00%
1158 1000-9600-1000-52330-300 Retirement 0.00 0.00 0.00 61.98 0.00 8.32 0.00 0.00 0.00%
1159 1000-9600-1000-52340-300 Retirement 2,712.00 2,711.54 2,927.00 3,363.68 2,985.00 688.86 3,074.65 89.65 3.00%
1160 1000-9600-1000-53000-300 Game Officials 33,034.00 33,517.14 33,676.00 23,029.98 44,024.00 10,039.68 44,226.20 202.20 0.46%
1161 1000-9600-1000-55000-300 Purchased Services 27,140.00 25,788.50 30,043.00 23,649.07 31,408.00 23,994.48 31,960.00 552.00 1.76%
1162 1000-9600-1000-55800-300 Travel 600.00 1,276.95 650.00 862.72 1,270.00 0.00 1,270.00 0.00 0.00%
1163 1000-9600-1000-56000-300 Supplies 36,600.00 38,612.80 36,774.00 25,667.73 46,302.00 35,852.37 40,417.00 -5,885.00 -12.71%
1164 1000-9600-1000-58100-300 Dues and Fees 36,047.00 32,804.74 37,999.00 33,806.39 40,759.00 12,361.45 43,919.00 3,160.00 7.75%
Totals 405,652.00 387,682.37 421,919.00 332,938.84 440,590.00 259,394.97 465,819.43 25,229.43 5.73%
1165 Function: 2700 - TRANSPORTATION
1166 Cost Center: 990 - 9-12
1167 1000-9600-2700-58500-990 Ath/Co Curr Transporation 1,500.00 0.00 1,500.00 0.00 0.00 0.00 0.00 0.00 0.00%
Page 22 of 24

Version 1.2
1-27-21
1168 Totals 1,500.00 0.00 1,500.00 0.00 0.00 0.00 0.00 0.00 0.00%
1169 Proposed Budget
1170 2019 Total Budget 2019 Total Activity 2020 Total Budget 2020 Total Activity 2021 Total Budget 2021 YTD Activity 2022 FY22 V1.2 $ Difference % Difference
1171
1172 General Fund K-12 Totals 32,946,025.00 32,742,457.32 34,080,295.00 32,736,810.71 34,882,700.00 29,928,113.06 35,698,084.75 815,384.75 2.34%
1173
1174 Adult Education Totals 112,000.00 112,000.00 112,000.00 112,000.00 102,000.00 102,000.00 112,000.00 10,000.00 9.80%
1175
1176 RSU Total Operating Budget 33,058,025.00 32,854,457.32 34,192,295.00 32,848,810.71 34,984,700.00 30,030,113.06 35,810,084.75 825,384.75 2.36%
Notes:
1. These lines represent a realignment of costs from a district line to the school lines for teacher mentors, leadership teams, etc.
2. Reduction for NWEA test.
3. Previously budgeted in regular instruction, FHS.
4. Increase for new financial software.
5. These increases are not salary increases but rather the budgeting of taxable benefits in the salary lines. They are in the salary lines because in order to tax them using our software, they must have the correct account overlay.
6. These reductions are reflective of more accurate budgeting that are linked to the employee and their actual costs.
7. Reflects actual prior years' cost.
8. Shift from one account to a different account.
9. In some cases these lines were budgeted to the wrong account for K-2 program.
10. Same issue. There seemed to be confusion about what the proper account number was for the program. These have been corrected. They do NOT represent salary increases; they are compared to the previous year's amount.
11. These represent costs not previously budgeted but charged to RSU 5. These are estimated costs.
12. Realignment from a different account.
13. Realignment from a different account.
Page 23 of 24

Version 1.2
1-27-21
Page 24 of 24